684206820568913977247831143321345972981675861223241672511715
377717064100214575610627379024516367048953192887369481660644
1061923884669128552858458522345862340030629054110611154172359
306489756468699401637203764296829605932722668335872190851071
258436591502632493307823969819246573496348224011922593698133063746290050027734280048779741654674362380539777464744444460

209254614061933954256057024948583393185297691182484895398233
109254614061933954256057024948583393185297695941013468219037
318509228123867908512114049897166786370595387123498363617270
99999999999999999999999999999999999999999995241471427179196
22862032100015531960919852030141400331719662067383470776767987317031264024379854233801628519328864632781420435386761621

589139772478311433213459729816758612232416725117155428849047
589139772478311433213459729816758612232416721600905684206820
1178279544956622866426919459633517224464833446718061113055867
3516249744642227
347085671515796561645523612253567488737743133534853402152034813832047283232391815007676146224680997910467006077707900540

282056891397724783114332134597298167586122324167251171554287
282056891397724783114332134597298167586122324167251171554282
564113782795449566228664269194596335172244648334502343108569
5
79556089984947912755940641955157452157023524181169033936756592640728818750427118739419612447235800980636704691530306934

684206820568913977247831143321345972981675861223241672511715
57717064100214575610627379024516367048953192887369481660644
741923884669128552858458522345862340030629054110611154172359
626489756468699401637203764296829605932722668335872190851071
39490408920580020588518003956415862142211948420485258494384263746290050027734280048779741654674362380539777464744444460

209254614061933954256057024948583393185297691182484895398233
23668390269873761474212000236219781455570385941013468219037
232923004331807715730269025184803174640868077123498363617270
185586223792060192781845024712363611729727305241471427179196
4952719871389666786303169790374771568731078275945183407741441550689322940877469016561663785381918789551420435386761621

6842068205689139772478311433213459729816758612232416725117155428849047
331928873694816606443983160090
6842068205689139772478311433213459729817090541106111541723599412009137
6842068205689139772478311433213459729816426683358721908510711445688957
2271079993257510964753403382255731407563957266765596152873088151886904052436683865646581038644934230

6009056842068205689130000000000000000000000000000000000000028849047
66166700
6009056842068205689130000000000000000000000000000000000000095015747
6009056842068205689129999999999999999999999999999999999999962682347
397599461352074345370957971000000000000000000000000000000001908846238134900

28205689139772478311433213459729816758612232416725117155428849047
6
28205689139772478311433213459729816758612232416725117155428849053
28205689139772478311433213459729816758612232416725117155428849041
169234134838634869868599280758378900551673394500350702932573094282

28205689139772478311433213459729816758612232416725117155428849043
6
28205689139772478311433213459729816758612232416725117155428849049
28205689139772478311433213459729816758612232416725117155428849037
169234134838634869868599280758378900551673394500350702932573094258

28205689139772478311433213459729816758612232416725117155428849042
6
28205689139772478311433213459729816758612232416725117155428849048
28205689139772478311433213459729816758612232416725117155428849036
169234134838634869868599280758378900551673394500350702932573094252

28205689139772478311433213459729816758612232416725117155428849047
1
28205689139772478311433213459729816758612232416725117155428849048
28205689139772478311433213459729816758612232416725117155428849046
28205689139772478311433213459729816758612232416725117155428849047

209254614061933954256057024948583393185297691182484895398233
913668390269873761474212000236219781455570385941013468219037
1122923004331807715730269025184803174640868077123498363617270
-704413776207939807218154975287636388270272694758528572820804
191189326386510886074193921994613991503646023428356740312168811550689322940877469016561663785381918789551420435386761621

282056891397724783114332134597298167586122324167251171554288
4002145756106273790245163670489531928873694816606443983160090
4284202647503998573359495805086830096459817140773695154714378
-3720088864708549007130831535892233761287572492439192811605802
1128832790887932403710649528113419201310131391802720168245049147969219076180149652172199208306239369685741955503229965920

6
589139772478311433213459729816758612232416725117155428849047
589139772478311433213459729816758612232416725117155428849053
-589139772478311433213459729816758612232416725117155428849041
3534838634869868599280758378900551673394500350702932573094282

0
589139772478311433213459729816758612232416725117155428849047
589139772478311433213459729816758612232416725117155428849047
-589139772478311433213459729816758612232416725117155428849047
0

686122324167251171554288490471
33694816606443983160090568420682056891397724783114332134597298167
33694816606443983160090568420682057577520048950365503688885788638
-33694816606443983160090568420682056205275400615863160580308807696
23118765882402636654352856218191828890867862671821890629177559754173656868958167151461525266657

913668390269873761474212000236219781455570385941013468219037
913668390269873761474212000236219781455570385941013468219037
1827336780539747522948424000472439562911140771882026936438074
0
834789927378342350371606456681252968072365764964870999923270736787348166360173684995946722240764248208110558028609207369

5
3
8
2
15

4
7
11
-3
28

0
0
0
0
0

33694816606443983160090568420682056891397724783114332134597298167
0
33694816606443983160090568420682056891397724783114332134597298167
33694816606443983160090568420682056891397724783114332134597298167
0

